r=10;
c=10/1000000;